Decision Tree
DecisionTreeClassifier(max_depth=11)

Metrics: ['Accuracy', 'AUC', 'Recall', 'Precision', 'F1']
Train:   [0.8705636363636362, 0.8662939532297176, 0.8916901325939031, 0.8674115930378562, 0.8791769310028041]
Test:    [0.8406727272727273, 0.8409107559775142, 0.8394323830678059, 0.8602248122724498, 0.8480176168882221]
Rel.:    [0.034195925095269614, 0.02922018421341106, 0.05869758038955196, 0.008086584585459364, 0.03532865791984261]
Abs.:    [0.029890909090909117, 0.025383197252203595, 0.052257749526097165, 0.007186780765406474, 0.03115931411458195]
