Random Forest
RandomForestClassifier(max_depth=11)

Metrics: ['Accuracy', 'AUC', 'Recall', 'Precision', 'F1']
Train:   [0.9005272727272727, 0.9678829375132081, 0.9031905068731182, 0.9084695651766305, 0.9056059903757251]
Test:    [0.8764000000000001, 0.8768247331745902, 0.862259137048802, 0.9039012916784119, 0.880895725090702]
Rel.:    [0.026705695896435348, 0.09405526062108749, 0.045549777746236086, 0.00511113218735153, 0.02720337855818051]
Abs.:    [0.024127272727272733, 0.09105820433861779, 0.04093136982431615, 0.004568273498218433, 0.024710265285023042]
