Decision Tree
DecisionTreeClassifier(max_depth=11)

Metrics: ['Accuracy', 'AUC', 'Recall', 'Precision', 'F1']
Train:   [0.8776999999999999, 0.8733818827005564, 0.8850783730061887, 0.8819845226820076, 0.8833992064754188]
Test:    [0.816875, 0.8203950465966481, 0.7823761882704792, 0.8578101095263517, 0.8143047058040814]
Rel.:    [0.06886193719362417, 0.05985103896648511, 0.1151561366753063, 0.027049925375875007, 0.07736191045978719]
Abs.:    [0.06082500000000002, 0.052986836103908475, 0.10270218473570972, 0.024174413155655772, 0.06909450067133735]
