Decision Tree
DecisionTreeClassifier(max_depth=11)

Metrics: ['Accuracy', 'AUC', 'Recall', 'Precision', 'F1']
Train:   [0.5138181818181818, 0.5008292803557133, 0.7478329185930658, 0.5265124107489317, 0.6124343407542897]
Test:    [0.5301727272727272, 0.518790788322005, 0.7757293837604363, 0.539720155502029, 0.624116491924914]
Rel.:    [-0.03197676742509276, -0.03597783870121738, -0.026745581450091194, -0.026170137729437035, -0.015798645511603183]
Abs.:    [-0.016354545454545434, -0.01796150796629163, -0.02789646516737063, -0.013207744753097286, -0.011682151170624485]
