Random Forest
RandomForestClassifier(max_depth=11)

Metrics: ['Accuracy', 'AUC', 'Recall', 'Precision', 'F1']
Train:   [0.5126545454545455, 0.4987862177431208, 0.7404092978160187, 0.525224459507553, 0.6133184730907558]
Test:    [0.5225909090909091, 0.5054582101834578, 0.7801843620938947, 0.5344091068977357, 0.6305012662623894]
Rel.:    [-0.019818468384433716, -0.013378374895462244, -0.051036905685935614, -0.01824209822571294, -0.028183603735048905]
Abs.:    [-0.009936363636363632, -0.006671992440336958, -0.03977506427787614, -0.009184647390182704, -0.01718279317163366]
