Random Forest
RandomForestClassifier(max_depth=11)

Metrics: ['Accuracy', 'AUC', 'Recall', 'Precision', 'F1']
Train:   [0.9005272727272727, 0.9681339402036157, 0.9038066300950375, 0.9084834957989394, 0.9059312620227634]
Test:    [0.8778272727272729, 0.8772594104853781, 0.8650039012588968, 0.9030146125845389, 0.8820659930477046]
Rel.:    [0.025130103477031564, 0.0938372548394727, 0.04328570574754295, 0.006021866317898172, 0.02628790503177357]
Abs.:    [0.022699999999999974, 0.09087452971823745, 0.03880272883614066, 0.005468883214400351, 0.02386526897505887]
