Decision Tree
DecisionTreeClassifier(max_depth=11)

Metrics: ['Accuracy', 'AUC', 'Recall', 'Precision', 'F1']
Train:   [0.8719818181818183, 0.8655661683605314, 0.89406675625278, 0.8686508560951175, 0.8809930592060251]
Test:    [0.8403545454545455, 0.839798476401888, 0.8439559774632057, 0.8559357092001031, 0.8482502833870699]
Rel.:    [0.03608765298160583, 0.02952219286285704, 0.05606847552201229, 0.014445038148109973, 0.03699540950965695]
Abs.:    [0.031627272727272754, 0.025767691958643462, 0.050110778789573984, 0.01271514689501452, 0.03274277581895523]
