Random Forest
RandomForestClassifier(max_depth=11)

Metrics: ['Accuracy', 'AUC', 'Recall', 'Precision', 'F1']
Train:   [0.9188454545454546, 0.9778567472975483, 0.9242122515376467, 0.9231618019848135, 0.9232584957186291]
Test:    [0.8798090909090908, 0.8770842964786584, 0.8712583882104769, 0.9030783020202888, 0.8843286642376285]
Rel.:    [0.042420395861236734, 0.10305405872576784, 0.057939191360539134, 0.021828310116525404, 0.04200796002375659]
Abs.:    [0.03903636363636364, 0.10077245081889007, 0.052953863327170024, 0.020083499964524784, 0.03892983148100039]
