Decision Tree
DecisionTreeClassifier(max_depth=11)

Metrics: ['Accuracy', 'AUC', 'Recall', 'Precision', 'F1']
Train:   [0.8945999999999998, 0.886737600911084, 0.910738327486567, 0.8921882320957835, 0.9011671694284846]
Test:    [0.852709090909091, 0.8510010212634411, 0.8518542079546552, 0.8691697201639558, 0.8587770689822666]
Rel.:    [0.04659766873495724, 0.040033656264550146, 0.0648681066697053, 0.025157530034720883, 0.04665639927216554]
Abs.:    [0.04189090909090913, 0.03573657964764301, 0.05888411953191194, 0.02301851193182788, 0.04239010044621837]
