Decision Tree
DecisionTreeClassifier(max_depth=11)

Metrics: ['Accuracy', 'AUC', 'Recall', 'Precision', 'F1']
Train:   [0.8716454545454545, 0.8672180823032507, 0.8906168880060175, 0.8696045591915018, 0.8798404805109556]
Test:    [0.8344272727272728, 0.8346902570434815, 0.8290515014147213, 0.857365323373254, 0.8412412128242155]
Rel.:    [0.04244741616839064, 0.037109142293383676, 0.0690017416035208, 0.013885146262286475, 0.043651724361197526]
Abs.:    [0.03721818181818179, 0.032527825259769244, 0.06156538659129622, 0.012239235818247596, 0.03859926768674004]
