Random Forest
RandomForestClassifier(max_depth=11)

Metrics: ['Accuracy', 'AUC', 'Recall', 'Precision', 'F1']
Train:   [0.9018272727272727, 0.9684967173818613, 0.9029333966546276, 0.9107275643665678, 0.9066028317069919]
Test:    [0.8784818181818183, 0.878282298085644, 0.8635319965528669, 0.9053190943351427, 0.8820706113072004]
Rel.:    [0.02577615912737579, 0.09310272806715274, 0.04392739706157666, 0.006001460935615602, 0.02697607206527843]
Abs.:    [0.023345454545454565, 0.0902144192962173, 0.039401400101760735, 0.005408470031425214, 0.024532220399791346]
