Neural Net (custom)
MLPClassifier(hidden_layer_sizes=(1000,))

Metrics: ['Accuracy', 'AUC', 'Recall', 'Precision', 'F1']
Train:   [0.6239636363636363, 0.6167800413110057, 0.6586468842683039, 0.7396903923710649, 0.5906573698189461]
Test:    [0.6241272727272728, 0.6099861300094663, 0.6361152975943852, 0.741487348259511, 0.5855745104260811]
Rel.:    [-0.0026651153988084854, 0.009624898102565746, -0.04829878461150018, -0.0019201467146314002, -0.037445362844006194]
Abs.:    [-0.0001636363636363814, 0.00679391130153942, 0.022531586673918517, -0.001796955888446146, 0.005082859392864941]
