Decision Tree
DecisionTreeClassifier(max_depth=11)

Metrics: ['Accuracy', 'AUC', 'Recall', 'Precision', 'F1']
Train:   [0.894190909090909, 0.8858354943680744, 0.9099546050446818, 0.8920644129544485, 0.900720334090408]
Test:    [0.8465545454545453, 0.8459327805859801, 0.8413881995735343, 0.8677783278220546, 0.8523193317120189]
Rel.:    [0.05314802994199711, 0.044859173041084714, 0.07557443997761311, 0.026640046734774013, 0.05343384164716488]
Abs.:    [0.04763636363636361, 0.03990271378209439, 0.06856640547114778, 0.024286085132394043, 0.04840100237838885]
