Random Forest
RandomForestClassifier(max_depth=11)

Metrics: ['Accuracy', 'AUC', 'Recall', 'Precision', 'F1']
Train:   [0.9367500000000001, 0.9853156976114257, 0.9438124988419726, 0.9435248931445948, 0.9435303502395385]
Test:    [0.9041, 0.9041238331654925, 0.8956157635467981, 0.9148584060879575, 0.9041436812980981]
Rel.:    [0.034821522187069846, 0.08240140530272612, 0.051423828480365016, 0.030238627723668986, 0.04164063601352521]
Abs.:    [0.03265000000000007, 0.08119186444593313, 0.0481967352951746, 0.028666487056637213, 0.03938666894144044]
