Decision Tree
DecisionTreeClassifier(max_depth=11)

Metrics: ['Accuracy', 'AUC', 'Recall', 'Precision', 'F1']
Train:   [0.5134727272727273, 0.500908656929516, 0.752643053688396, 0.5268513919834299, 0.6152133505546539]
Test:    [0.5243272727272728, 0.5096768909544361, 0.7295751811355646, 0.5376446949078385, 0.6153884373933338]
Rel.:    [-0.02116507166954506, -0.017833395338599935, 0.0336686546163736, -0.02141470006408374, -0.0007048395683537548]
Abs.:    [-0.010854545454545422, -0.00876823402492008, 0.02306787255283124, -0.010793302924408594, -0.00017508683868007555]
