Random Forest
RandomForestClassifier(max_depth=11)

Metrics: ['Accuracy', 'AUC', 'Recall', 'Precision', 'F1']
Train:   [0.5201, 0.5069190531282157, 0.7398576267436662, 0.5307210890425691, 0.6168089528158192]
Test:    [0.5125363636363636, 0.5002670637882014, 0.733199118122601, 0.5329025844003774, 0.6125432666688688]
Rel.:    [0.013033006905265982, 0.013014847303633345, 0.0036448717356741787, -0.005720174346181024, 0.0027302270314397557]
Abs.:    [0.007563636363636388, 0.006651989340014237, 0.006658508621065335, -0.002181495357808393, 0.00426568614695027]
