Random Forest
RandomForestClassifier(max_depth=11)

Metrics: ['Accuracy', 'AUC', 'Recall', 'Precision', 'F1']
Train:   [0.93695, 0.9856215652589362, 0.9443101816631503, 0.9433523976330043, 0.9436867967021723]
Test:    [0.90585, 0.9058704987049929, 0.8985953275130469, 0.915214401815412, 0.9061117017537519]
Rel.:    [0.033139056226100506, 0.08090859512101284, 0.04857913738617968, 0.029706579722832534, 0.039669065760927436]
Abs.:    [0.03109999999999996, 0.07975106655394326, 0.04571485415010346, 0.028137995817592187, 0.03757509494842032]
