Decision Tree
DecisionTreeClassifier(max_depth=11)

Metrics: ['Accuracy', 'AUC', 'Recall', 'Precision', 'F1']
Train:   [0.92055, 0.8996117614563626, 0.9301666257233598, 0.927481723635035, 0.9287411293289838]
Test:    [0.8734999999999999, 0.873522844507701, 0.8674979271326146, 0.8813470901924414, 0.8739899305228487]
Rel.:    [0.05094119585293716, 0.028893659158152715, 0.06740115991872393, 0.04913832026957022, 0.058614110255914495]
Abs.:    [0.04704999999999998, 0.02608891694866161, 0.06266869859074509, 0.0461346334425935, 0.054751198806135104]
