Decision Tree
DecisionTreeClassifier(max_depth=11)

Metrics: ['Accuracy', 'AUC', 'Recall', 'Precision', 'F1']
Train:   [0.8700727272727274, 0.8634133040230149, 0.8908384145779937, 0.8677343702020657, 0.878966411233892]
Test:    [0.837309090909091, 0.8370629517113894, 0.8369692242690456, 0.8567173471458663, 0.8449950187505534]
Rel.:    [0.03755615756371836, 0.030426053099591004, 0.060620447715019135, 0.012539191734627982, 0.03857245603787549]
Abs.:    [0.03276363636363639, 0.026350352311625323, 0.053869190308948184, 0.011017023056199277, 0.033971392483338685]
