Random Forest
RandomForestClassifier(max_depth=11)

Metrics: ['Accuracy', 'AUC', 'Recall', 'Precision', 'F1']
Train:   [0.9012727272727272, 0.9686063109994149, 0.9039065735984448, 0.9095545181597687, 0.9065250552736368]
Test:    [0.8711090909090909, 0.8717478181576316, 0.8523923844334561, 0.9028243430446532, 0.8751938830250484]
Rel.:    [0.03341274536101734, 0.09998234743042145, 0.05731973795517929, 0.007430124261052244, 0.034529929701082686]
Abs.:    [0.030163636363636354, 0.09685849284178337, 0.05151418916498881, 0.006730175115115634, 0.03133117224858843]
