Optimized LightGBM
LGBMClassifier(bagging_fraction=1.0, boosting='gbdt', feature_fraction=0.5,
               learning_rate=0.05, max_depth=15, min_data_in_leaf=50,
               num_iterations=1000, num_leaves=2048, objective='binary')

Metrics: ['Accuracy', 'AUC', 'Recall', 'Precision', 'F1']
Train:   [0.9389909090909092, 0.986203969957497, 0.940136969063429, 0.9445784600493914, 0.9422704355885553]
Test:    [0.9224636363636363, 0.9230516186154566, 0.9170025283259067, 0.9376255745233578, 0.9268308883414538]
Rel.:    [0.01759062669601903, 0.06402996247040488, 0.024636742053154997, 0.007344097708225585, 0.016371024100271303]
Abs.:    [0.016527272727272696, 0.06315235134204043, 0.02313444073752256, 0.00695288552603365, 0.015439547247101455]
