Optimized LightGBM
LGBMClassifier(bagging_fraction=1.0, boosting='gbdt', feature_fraction=0.5,
               learning_rate=0.05, max_depth=15, min_data_in_leaf=50,
               num_iterations=1000, num_leaves=2048, objective='binary')

Metrics: ['Accuracy', 'AUC', 'Recall', 'Precision', 'F1']
Train:   [0.9388363636363636, 0.9860300146075475, 0.9394740478543826, 0.9445211891694187, 0.9419015563768053]
Test:    [0.9234363636363636, 0.9233463186240625, 0.9180173178499176, 0.9380096175802304, 0.927516622909051]
Rel.:    [0.01638127118178312, 0.06356538275276194, 0.022867257591330577, 0.006895697492846199, 0.015246547589948771]
Abs.:    [0.01539999999999998, 0.06268369598348528, 0.021456730004464887, 0.0065115715891884895, 0.014384933467754107]
