Decision Tree
DecisionTreeClassifier(max_depth=11)

Metrics: ['Accuracy', 'AUC', 'Recall', 'Precision', 'F1']
Train:   [0.8726363636363635, 0.865897063891544, 0.8915000887346307, 0.8704618118135548, 0.8807154876305577]
Test:    [0.8371909090909092, 0.8381554248571772, 0.83633476763057, 0.8570966410150618, 0.8443622553789705]
Rel.:    [0.04045305062926678, 0.031783680597710855, 0.061983613593002654, 0.015172381271342133, 0.04111403406231426]
Abs.:    [0.03544545454545451, 0.0277416390343666, 0.055165321104060625, 0.013365170798493087, 0.036353232251587375]
