Random Forest
RandomForestClassifier(max_depth=11)

Metrics: ['Accuracy', 'AUC', 'Recall', 'Precision', 'F1']
Train:   [0.9022999999999999, 0.9684311940510466, 0.9037219028585315, 0.9108503062125258, 0.9070624053334462]
Test:    [0.8749999999999998, 0.8746814284531043, 0.8602377490339559, 0.9025194126681958, 0.879000662415353]
Rel.:    [0.03016696752459459, 0.09678310824278796, 0.04852875281235162, 0.009231327130336933, 0.030878817996258693]
Abs.:    [0.02730000000000002, 0.09374976559794253, 0.04348415382457566, 0.008330893544330073, 0.02806174291809343]
