Decision Tree
DecisionTreeClassifier(max_depth=11)

Metrics: ['Accuracy', 'AUC', 'Recall', 'Precision', 'F1']
Train:   [0.8938636363636362, 0.8857428592616158, 0.9099569661520774, 0.8915101660587053, 0.9004436201654022]
Test:    [0.8529909090909091, 0.8514095593897026, 0.8523353977750393, 0.869416887306208, 0.859058183852723]
Rel.:    [0.04550928697491163, 0.038466085655011306, 0.06347947355517712, 0.024189417474438063, 0.045587719162649816]
Abs.:    [0.04087272727272724, 0.034333299871913046, 0.05762156837703809, 0.022093278752497277, 0.04138543631267928]
