Random Forest
RandomForestClassifier(max_depth=11)

Metrics: ['Accuracy', 'AUC', 'Recall', 'Precision', 'F1']
Train:   [0.919309090909091, 0.9778882121063128, 0.9243063740489849, 0.9238661962260651, 0.9236687972857998]
Test:    [0.8786090909090908, 0.8760102836571594, 0.8712797469948153, 0.9009830581267979, 0.8834085354522414]
Rel.:    [0.044232751295935555, 0.10419049127779484, 0.05789011556749552, 0.024854393032101678, 0.04341464894419104]
Abs.:    [0.040700000000000035, 0.10187792844915362, 0.05302662705416973, 0.022883138099267362, 0.04026026183355841]
