Decision Tree
DecisionTreeClassifier(max_depth=11)

Metrics: ['Accuracy', 'AUC', 'Recall', 'Precision', 'F1']
Train:   [0.5173181818181818, 0.5006702312424933, 0.7788229481823878, 0.5290428988333609, 0.6259805568276483]
Test:    [0.5239545454545455, 0.5101153835206467, 0.7886072751944672, 0.538357049737199, 0.633757296033827]
Rel.:    [-0.013328811833296823, -0.018517449099601985, -0.01987540831847613, -0.018438819342051712, -0.014870681292688715]
Abs.:    [-0.006636363636363624, -0.009445152278153204, -0.009784327012079257, -0.009314150903838121, -0.007776739206178596]
