Decision Tree
DecisionTreeClassifier(max_depth=11)

Metrics: ['Accuracy', 'AUC', 'Recall', 'Precision', 'F1']
Train:   [0.8943545454545454, 0.8864406958373451, 0.9105105898194565, 0.8918606354965507, 0.9008769532889203]
Test:    [0.8480363636363636, 0.8472399826288719, 0.8428658887101209, 0.8689052735300016, 0.8537289052935733]
Rel.:    [0.05165945937050725, 0.04399032076069109, 0.07448250802416347, 0.025176211004484243, 0.05201282319190784]
Abs.:    [0.04631818181818186, 0.039200713208473265, 0.06764470110933539, 0.022955361966549164, 0.04714804799534728]
