Random Forest
RandomForestClassifier(max_depth=11)

Metrics: ['Accuracy', 'AUC', 'Recall', 'Precision', 'F1']
Train:   [0.9194545454545455, 0.9779164724127275, 0.9251786116093453, 0.9233649124431909, 0.9238572514873586]
Test:    [0.8786818181818182, 0.876137517768691, 0.870570343401762, 0.9018657342779371, 0.8835907788306936]
Rel.:    [0.04429787004358895, 0.10407614893985838, 0.059466825340397274, 0.023366525290290784, 0.04340465478688035]
Abs.:    [0.040772727272727245, 0.10177895464403655, 0.05460826820758346, 0.0214991781652535, 0.04026647265666491]
